42
Fusarium_oxysporum_CF141                                  0.0000000 0.3663129 0.2908891 0.0000010 0.3678743 0.2790051 0.2827101 0.2947660 0.5950406 0.3734430 0.0046885 0.2721812 0.2555861 0.7103773 0.0000010 0.0000010 0.2827101 0.0000010 0.1956947 0.0000010 0.2827101 0.3734430 0.2908891 0.2827101 0.3747979 0.2908891 0.0031203 0.6893139 0.0155265 0.3769457 0.3725715 0.3771575 0.3725715 0.3747979 0.3711067 0.0000010 0.0155565 0.2908891 0.2783826 0.0000010 0.3715528 0.3296906 
Fusarium_falciforme|NRRL_32308|FSSC_3_4v                  0.3663129 0.0000000 0.4005457 0.3677366 0.0105345 0.3879688 0.4220796 0.4093060 0.4866277 0.0120933 0.3750268 0.3390116 0.3370455 0.6611404 0.3663129 0.3663129 0.4220796 0.3677366 0.2750619 0.3663129 0.4220796 0.0120933 0.4005457 0.4220796 0.0059561 0.4042641 0.3717298 0.6732009 0.3707315 0.0044652 0.0044765 0.0044780 0.0029756 0.0059728 0.0089895 0.3665239 0.3709407 0.4042641 0.3888934 0.3822813 0.0029646 0.4201993 
Fusarium_irregulare_CF143                                 0.2908891 0.4005457 0.0000000 0.2929519 0.4120865 0.0645007 0.0979095 0.0015100 0.7471128 0.4164782 0.3005753 0.3411526 0.3276091 0.7869202 0.2908891 0.2908891 0.0979095 0.2929519 0.2617894 0.2908891 0.0979095 0.4164782 0.0000010 0.0979095 0.4119100 0.0000010 0.2976985 0.8372414 0.2954513 0.4177799 0.4096377 0.4214642 0.4096377 0.4119100 0.4154522 0.2916247 0.2961909 0.0000010 0.0644219 0.3034921 0.4084928 0.1295987 
Fusarium_oxysporum_CF115                                  0.0000010 0.3677366 0.2929519 0.0000000 0.3700947 0.2847972 0.2884416 0.3006332 0.5978855 0.3748579 0.0046657 0.2730724 0.2602806 0.7163137 0.0000010 0.0000010 0.2884416 0.0000010 0.1977826 0.0000010 0.2884416 0.3748579 0.2929519 0.2884416 0.3762041 0.2967158 0.0031052 0.6951414 0.0154967 0.3783521 0.3729678 0.3793898 0.3729678 0.3770203 0.3725221 0.0000010 0.0154814 0.2967158 0.2841588 0.0000010 0.3729678 0.3279838 
Fusarium_solani_A01-1                                     0.3678743 0.0105345 0.4120865 0.3700947 0.0000000 0.3970868 0.4270130 0.4170712 0.4915784 0.0058210 0.3774979 0.3328044 0.3304463 0.6770312 0.3678743 0.3678743 0.4270130 0.3700947 0.2797355 0.3678743 0.4270130 0.0058210 0.4120865 0.4270130 0.0119630 0.4120865 0.3741753 0.6857587 0.3755131 0.0104632 0.0104700 0.0104641 0.0089480 0.0119630 0.0014349 0.3688820 0.3765327 0.4120865 0.3980107 0.3848251 0.0089314 0.4286109 
Fusarium_incarnatum|NRRL_13379|FIESC_23_b                 0.2790051 0.3879688 0.0645007 0.2847972 0.3970868 0.0000000 0.0869046 0.0630239 0.7028353 0.3876840 0.3032644 0.3411392 0.3184217 0.7482597 0.2790051 0.2790051 0.0869046 0.2847972 0.2731122 0.2790051 0.0869046 0.4016437 0.0645007 0.0869046 0.4069859 0.0612081 0.3003574 0.7929980 0.2836727 0.4059634 0.4058647 0.4058673 0.4058647 0.4033155 0.4039522 0.2834358 0.2880970 0.0612081 0.0043096 0.3062324 0.4036263 0.1348027 
Fusarium_equiseti|NRRL_36466|FIESC_14_b                   0.2827101 0.4220796 0.0979095 0.2884416 0.4270130 0.0869046 0.0000000 0.0946824 0.7042107 0.4259958 0.3067780 0.3455845 0.3369657 0.7986261 0.2827101 0.2827101 0.0000010 0.2884416 0.2657169 0.2827101 0.0000010 0.4420710 0.0979095 0.0000010 0.4249511 0.0926409 0.3039031 0.7860110 0.2818235 0.4309215 0.4238687 0.4308216 0.4238687 0.4211880 0.4341711 0.2871092 0.2861688 0.0926409 0.0867938 0.3097391 0.4215049 0.1016210 
Fusarium_irregulare|NRRL_32182|FIESC_15_b                 0.2947660 0.4093060 0.0015100 0.3006332 0.4170712 0.0630239 0.0946824 0.0000000 0.7535165 0.4099716 0.3196343 0.3459336 0.3318037 0.8011278 0.2947660 0.2947660 0.0946824 0.3006332 0.2649641 0.2947660 0.0946824 0.4252266 0.0015100 0.0946824 0.4207631 0.0014394 0.3166945 0.8522754 0.2993169 0.4267330 0.4196622 0.4266327 0.4196622 0.4169891 0.4241775 0.2993187 0.3038623 0.0014394 0.0629508 0.3227580 0.4173077 0.1318679 
Aquanectria_penicillioides|NNIBRFG19|Outgroup_Nectriaceae 0.5950406 0.4866277 0.7471128 0.5978855 0.4915784 0.7028353 0.7042107 0.7535165 0.0000000 0.5038418 0.6115218 0.8191906 0.7969274 0.4451307 0.5950406 0.5950406 0.7042107 0.5978855 0.6168679 0.5950406 0.7042107 0.5038418 0.7471128 0.7042107 0.4806817 0.7443158 0.6064009 0.4324473 0.5970526 0.4811977 0.4796258 0.4842831 0.4796258 0.4822129 0.4900406 0.5971026 0.5991140 0.7443158 0.7106478 0.6240500 0.4765846 0.7339583 
Fusarium_solani|NRRL_43681|FSSC_5d                        0.3734430 0.0120933 0.4164782 0.3748579 0.0058210 0.3876840 0.4259958 0.4099716 0.5038418 0.0000000 0.3824242 0.3445260 0.3394561 0.6846332 0.3734430 0.3734430 0.4259958 0.3748579 0.2919844 0.3734430 0.4259958 0.0000010 0.4164782 0.4259958 0.0151069 0.4051896 0.3790797 0.6934231 0.3778545 0.0135906 0.0136250 0.0136305 0.0120750 0.0151499 0.0043469 0.3736559 0.3780654 0.4051896 0.3885559 0.3898317 0.0120298 0.4331126 
Fusarium_oxysporum|NRRL_36331|FOSC                        0.0046885 0.3750268 0.3005753 0.0046657 0.3774979 0.3032644 0.3067780 0.3196343 0.6115218 0.3824242 0.0000000 0.3078552 0.2668470 0.7453708 0.0046885 0.0046885 0.3067780 0.0046657 0.2001571 0.0046885 0.3067780 0.3824242 0.3005753 0.3067780 0.3837857 0.3155126 0.0015017 0.7228509 0.0157830 0.3860339 0.3804485 0.3871206 0.3804485 0.3846436 0.3799845 0.0046838 0.0157671 0.3155126 0.3025630 0.0045455 0.3804485 0.3349723 
Fusarium_torreyae|NRRL_54151|FTORSC                       0.2721812 0.3390116 0.3411526 0.2730724 0.3328044 0.3411392 0.3455845 0.3459336 0.8191906 0.3445260 0.3078552 0.0000000 0.0106362 0.8516975 0.2721812 0.2721812 0.3455845 0.2730724 0.1848169 0.2721812 0.3455845 0.3445260 0.3411526 0.3455845 0.3476469 0.3415343 0.3050005 0.8217608 0.2825195 0.3425681 0.3445471 0.3497110 0.3437638 0.3483706 0.3351378 0.2716745 0.2819936 0.3415343 0.3372682 0.3108027 0.3437638 0.3487356 
Fusarium_torreyae_CF136                                   0.2555861 0.3370455 0.3276091 0.2602806 0.3304463 0.3184217 0.3369657 0.3318037 0.7969274 0.3394561 0.2668470 0.0106362 0.0000000 0.8026082 0.2555861 0.2555861 0.3369657 0.2602806 0.1828099 0.2555861 0.3369657 0.3394561 0.3276091 0.3369657 0.3453817 0.3276091 0.2641080 0.7751056 0.2682561 0.3404751 0.3432763 0.3466632 0.3425205 0.3453817 0.3333455 0.2562199 0.2689145 0.3276091 0.3147704 0.2693689 0.3416383 0.3334199 
Calonectria_crousiana|CMW27249|Outgroup_Nectriaceae       0.7103773 0.6611404 0.7869202 0.7163137 0.6770312 0.7482597 0.7986261 0.8011278 0.4451307 0.6846332 0.7453708 0.8516975 0.8026082 0.0000000 0.7103773 0.7103773 0.7986261 0.7163137 0.6812358 0.7103773 0.7986261 0.6846332 0.7869202 0.7986261 0.6556890 0.7922447 0.7397786 0.0961001 0.7365635 0.6516574 0.6551159 0.6735142 0.6551159 0.6596649 0.6729709 0.7106167 0.7368068 0.7922447 0.7613354 0.7474525 0.6509530 0.8151817 
Fusarium_oxysporum_CF145                                  0.0000010 0.3663129 0.2908891 0.0000010 0.3678743 0.2790051 0.2827101 0.2947660 0.5950406 0.3734430 0.0046885 0.2721812 0.2555861 0.7103773 0.0000000 0.0000010 0.2827101 0.0000010 0.1956947 0.0000010 0.2827101 0.3734430 0.2908891 0.2827101 0.3747979 0.2908891 0.0031203 0.6893139 0.0155265 0.3769457 0.3725715 0.3771575 0.3725715 0.3747979 0.3711067 0.0000010 0.0155565 0.2908891 0.2783826 0.0000010 0.3715528 0.3296906 
Fusarium_oxysporum_CF161                                  0.0000010 0.3663129 0.2908891 0.0000010 0.3678743 0.2790051 0.2827101 0.2947660 0.5950406 0.3734430 0.0046885 0.2721812 0.2555861 0.7103773 0.0000010 0.0000000 0.2827101 0.0000010 0.1956947 0.0000010 0.2827101 0.3734430 0.2908891 0.2827101 0.3747979 0.2908891 0.0031203 0.6893139 0.0155265 0.3769457 0.3725715 0.3771575 0.3725715 0.3747979 0.3711067 0.0000010 0.0155565 0.2908891 0.2783826 0.0000010 0.3715528 0.3296906 
Fusarium_equiseti|NRRL_26419|FIESC_14_a                   0.2827101 0.4220796 0.0979095 0.2884416 0.4270130 0.0869046 0.0000010 0.0946824 0.7042107 0.4259958 0.3067780 0.3455845 0.3369657 0.7986261 0.2827101 0.2827101 0.0000000 0.2884416 0.2657169 0.2827101 0.0000010 0.4420710 0.0979095 0.0000010 0.4249511 0.0926409 0.3039031 0.7860110 0.2818235 0.4309215 0.4238687 0.4308216 0.4238687 0.4211880 0.4341711 0.2871092 0.2861688 0.0926409 0.0867938 0.3097391 0.4215049 0.1016210 
Fusarium_oxysporum_CF165                                  0.0000010 0.3677366 0.2929519 0.0000010 0.3700947 0.2847972 0.2884416 0.3006332 0.5978855 0.3748579 0.0046657 0.2730724 0.2602806 0.7163137 0.0000010 0.0000010 0.2884416 0.0000000 0.1977826 0.0000010 0.2884416 0.3748579 0.2929519 0.2884416 0.3762041 0.2967158 0.0031052 0.6951414 0.0154967 0.3783521 0.3729678 0.3793898 0.3729678 0.3770203 0.3725221 0.0000010 0.0154814 0.2967158 0.2841588 0.0000010 0.3729678 0.3279838 
Fusarium_torreyae|NRRL_54149|FTORSC                       0.1956947 0.2750619 0.2617894 0.1977826 0.2797355 0.2731122 0.2657169 0.2649641 0.6168679 0.2919844 0.2001571 0.1848169 0.1828099 0.6812358 0.1956947 0.1956947 0.2657169 0.1977826 0.0000000 0.1956947 0.2657169 0.2919844 0.2617894 0.2657169 0.2777087 0.2610986 0.1975107 0.7018307 0.2034922 0.2822661 0.2762229 0.2832183 0.2762229 0.2784698 0.2819493 0.1961927 0.2040043 0.2610986 0.2638598 0.2047314 0.2747136 0.3003219 
Fusarium_oxysporum_CF144                                  0.0000010 0.3663129 0.2908891 0.0000010 0.3678743 0.2790051 0.2827101 0.2947660 0.5950406 0.3734430 0.0046885 0.2721812 0.2555861 0.7103773 0.0000010 0.0000010 0.2827101 0.0000010 0.1956947 0.0000000 0.2827101 0.3734430 0.2908891 0.2827101 0.3747979 0.2908891 0.0031203 0.6893139 0.0155265 0.3769457 0.3725715 0.3771575 0.3725715 0.3747979 0.3711067 0.0000010 0.0155565 0.2908891 0.2783826 0.0000010 0.3715528 0.3296906 
Fusarium_equiseti|NRRL_20697|FIESC_14_b                   0.2827101 0.4220796 0.0979095 0.2884416 0.4270130 0.0869046 0.0000010 0.0946824 0.7042107 0.4259958 0.3067780 0.3455845 0.3369657 0.7986261 0.2827101 0.2827101 0.0000010 0.2884416 0.2657169 0.2827101 0.0000000 0.4420710 0.0979095 0.0000010 0.4249511 0.0926409 0.3039031 0.7860110 0.2818235 0.4309215 0.4238687 0.4308216 0.4238687 0.4211880 0.4341711 0.2871092 0.2861688 0.0926409 0.0867938 0.3097391 0.4215049 0.1016210 
Fusarium_solani|NRRL_22779|FSSC_5e                        0.3734430 0.0120933 0.4164782 0.3748579 0.0058210 0.4016437 0.4420710 0.4252266 0.5038418 0.0000010 0.3824242 0.3445260 0.3394561 0.6846332 0.3734430 0.3734430 0.4420710 0.3748579 0.2919844 0.3734430 0.4420710 0.0000000 0.4164782 0.4420710 0.0151069 0.4201770 0.3790797 0.6934231 0.3778545 0.0135906 0.0136250 0.0136305 0.0120750 0.0151499 0.0043469 0.3736559 0.3780654 0.4201770 0.4025808 0.3898317 0.0120298 0.4331126 
Fusarium_irregulare_CF137                                 0.2908891 0.4005457 0.0000010 0.2929519 0.4120865 0.0645007 0.0979095 0.0015100 0.7471128 0.4164782 0.3005753 0.3411526 0.3276091 0.7869202 0.2908891 0.2908891 0.0979095 0.2929519 0.2617894 0.2908891 0.0979095 0.4164782 0.0000000 0.0979095 0.4119100 0.0000010 0.2976985 0.8372414 0.2954513 0.4177799 0.4096377 0.4214642 0.4096377 0.4119100 0.4154522 0.2916247 0.2961909 0.0000010 0.0644219 0.3034921 0.4084928 0.1295987 
Fusarium_equiseti|NRRL_36136|FIESC_14_a                   0.2827101 0.4220796 0.0979095 0.2884416 0.4270130 0.0869046 0.0000010 0.0946824 0.7042107 0.4259958 0.3067780 0.3455845 0.3369657 0.7986261 0.2827101 0.2827101 0.0000010 0.2884416 0.2657169 0.2827101 0.0000010 0.4420710 0.0979095 0.0000000 0.4249511 0.0926409 0.3039031 0.7860110 0.2818235 0.4309215 0.4238687 0.4308216 0.4238687 0.4211880 0.4341711 0.2871092 0.2861688 0.0926409 0.0867938 0.3097391 0.4215049 0.1016210 
Fusarium_falciforme|NRRL_32540|FSSC_3_4hh                 0.3747979 0.0059561 0.4119100 0.3762041 0.0119630 0.4069859 0.4249511 0.4207631 0.4806817 0.0151069 0.3837857 0.3476469 0.3453817 0.6556890 0.3747979 0.3747979 0.4249511 0.3762041 0.2777087 0.3747979 0.4249511 0.0151069 0.4119100 0.4249511 0.0000000 0.4156571 0.3804485 0.6676048 0.3791866 0.0073797 0.0014661 0.0074007 0.0029412 0.0000010 0.0104214 0.3750100 0.3793968 0.4156571 0.4079534 0.3911866 0.0029305 0.4224006 
Fusarium_irregulare|NRRL_32181|FIESC_15_c                 0.2908891 0.4042641 0.0000010 0.2967158 0.4120865 0.0612081 0.0926409 0.0014394 0.7443158 0.4051896 0.3155126 0.3415343 0.3276091 0.7922447 0.2908891 0.2908891 0.0926409 0.2967158 0.2610986 0.2908891 0.0926409 0.4201770 0.0000010 0.0926409 0.4156571 0.0000000 0.3125921 0.8427596 0.2954513 0.4215638 0.4145452 0.4214642 0.4145452 0.4119100 0.4191423 0.2953947 0.2999500 0.0000010 0.0611378 0.3185857 0.4122270 0.1294271 
Fusarium_oxysporum|NRRL_38354|FOSC                        0.0031203 0.3717298 0.2976985 0.0031052 0.3741753 0.3003574 0.3039031 0.3166945 0.6064009 0.3790797 0.0015017 0.3050005 0.2641080 0.7397786 0.0031203 0.0031203 0.3039031 0.0031052 0.1975107 0.0031203 0.3039031 0.3790797 0.2976985 0.3039031 0.3804485 0.3125921 0.0000000 0.7174253 0.0141806 0.3826753 0.3771218 0.3837515 0.3771218 0.3812966 0.3766614 0.0031172 0.0141664 0.3125921 0.2996637 0.0030253 0.3771218 0.3380347 
Calonectria_aciculata|CMW47645|Outgroup_Nectriaceae       0.6893139 0.6732009 0.8372414 0.6951414 0.6857587 0.7929980 0.7860110 0.8522754 0.4324473 0.6934231 0.7228509 0.8217608 0.7751056 0.0961001 0.6893139 0.6893139 0.7860110 0.6951414 0.7018307 0.6893139 0.7860110 0.6934231 0.8372414 0.7860110 0.6676048 0.8427596 0.7174253 0.0000000 0.7147933 0.6635166 0.6670583 0.6707169 0.6670583 0.6716806 0.6816233 0.6895505 0.7150335 0.8427596 0.8069062 0.7248910 0.6627973 0.8073133 
Fusarium_oxysporum_CF159                                  0.0155265 0.3707315 0.2954513 0.0154967 0.3755131 0.2836727 0.2818235 0.2993169 0.5970526 0.3778545 0.0157830 0.2825195 0.2682561 0.7365635 0.0155265 0.0155265 0.2818235 0.0154967 0.2034922 0.0155265 0.2818235 0.3778545 0.2954513 0.2818235 0.3791866 0.2954513 0.0141806 0.7147933 0.0000000 0.3813414 0.3769807 0.3815521 0.3769807 0.3791866 0.3755131 0.0155565 0.0000010 0.2954513 0.2830446 0.0158777 0.3759592 0.3311790 
Fusarium_falciforme|NRRL_32505|FSSC_3_4ee                 0.3769457 0.0044652 0.4177799 0.3783521 0.0104632 0.4059634 0.4309215 0.4267330 0.4811977 0.0135906 0.3860339 0.3425681 0.3404751 0.6516574 0.3769457 0.3769457 0.4309215 0.3783521 0.2822661 0.3769457 0.4309215 0.0135906 0.4177799 0.4309215 0.0073797 0.4215638 0.3826753 0.6635166 0.3813414 0.0000000 0.0059160 0.0059180 0.0044241 0.0074002 0.0089123 0.3771587 0.3815526 0.4215638 0.4069320 0.3934967 0.0043999 0.4283910 
Fusarium_falciforme_CF175                                 0.3725715 0.0044765 0.4096377 0.3729678 0.0104700 0.4058647 0.4238687 0.4196622 0.4796258 0.0136250 0.3804485 0.3445471 0.3432763 0.6551159 0.3725715 0.3725715 0.4238687 0.3729678 0.2762229 0.3725715 0.4238687 0.0136250 0.4096377 0.4238687 0.0014661 0.4145452 0.3771218 0.6670583 0.3769807 0.0059160 0.0000000 0.0059219 0.0014675 0.0014675 0.0089512 0.3717649 0.3761693 0.4145452 0.4068329 0.3878043 0.0014675 0.4189377 
Fusarium_falciforme_A01-2                                 0.3771575 0.0044780 0.4214642 0.3793898 0.0104641 0.4058673 0.4308216 0.4266327 0.4842831 0.0136305 0.3871206 0.3497110 0.3466632 0.6735142 0.3771575 0.3771575 0.4308216 0.3793898 0.2832183 0.3771575 0.4308216 0.0136305 0.4214642 0.4308216 0.0074007 0.4214642 0.3837515 0.6707169 0.3815521 0.0059180 0.0059219 0.0000000 0.0044286 0.0074007 0.0089545 0.3781967 0.3825941 0.4214642 0.4068356 0.3946138 0.0044204 0.4321242 
Fusarium_falciforme_A04                                   0.3725715 0.0029756 0.4096377 0.3729678 0.0089480 0.4058647 0.4238687 0.4196622 0.4796258 0.0120750 0.3804485 0.3437638 0.3425205 0.6551159 0.3725715 0.3725715 0.4238687 0.3729678 0.2762229 0.3725715 0.4238687 0.0120750 0.4096377 0.4238687 0.0029412 0.4145452 0.3771218 0.6670583 0.3769807 0.0044241 0.0014675 0.0044286 0.0000000 0.0029439 0.0074375 0.3717649 0.3761693 0.4145452 0.4068329 0.3878043 0.0000010 0.4189377 
Fusarium_falciforme_A02                                   0.3747979 0.0059728 0.4119100 0.3770203 0.0119630 0.4033155 0.4211880 0.4169891 0.4822129 0.0151499 0.3846436 0.3483706 0.3453817 0.6596649 0.3747979 0.3747979 0.4211880 0.3770203 0.2784698 0.3747979 0.4211880 0.0151499 0.4119100 0.4211880 0.0000010 0.4119100 0.3812966 0.6716806 0.3791866 0.0074002 0.0014675 0.0074007 0.0029439 0.0000000 0.0104506 0.3758259 0.3802174 0.4119100 0.4042733 0.3920721 0.0029386 0.4224006 
Fusarium_solani|NRRL_25388|FSSC_5g                        0.3711067 0.0089895 0.4154522 0.3725221 0.0014349 0.4039522 0.4341711 0.4241775 0.4900406 0.0043469 0.3799845 0.3351378 0.3333455 0.6729709 0.3711067 0.3711067 0.4341711 0.3725221 0.2819493 0.3711067 0.4341711 0.0043469 0.4154522 0.4341711 0.0104214 0.4191423 0.3766614 0.6816233 0.3755131 0.0089123 0.0089512 0.0089545 0.0074375 0.0104506 0.0000000 0.3713186 0.3757231 0.4191423 0.4048939 0.3873292 0.0073964 0.4320438 
Fusarium_oxysporum_CF160                                  0.0000010 0.3665239 0.2916247 0.0000010 0.3688820 0.2834358 0.2871092 0.2993187 0.5971026 0.3736559 0.0046838 0.2716745 0.2562199 0.7106167 0.0000010 0.0000010 0.2871092 0.0000010 0.1961927 0.0000010 0.2871092 0.3736559 0.2916247 0.2871092 0.3750100 0.2953947 0.0031172 0.6895505 0.0155565 0.3771587 0.3717649 0.3781967 0.3717649 0.3758259 0.3713186 0.0000000 0.0155410 0.2953947 0.2827986 0.0000010 0.3717649 0.3296906 
Fusarium_oxysporum_CF132                                  0.0155565 0.3709407 0.2961909 0.0154814 0.3765327 0.2880970 0.2861688 0.3038623 0.5991140 0.3780654 0.0157671 0.2819936 0.2689145 0.7368068 0.0155565 0.0155565 0.2861688 0.0154814 0.2040043 0.0155565 0.2861688 0.3780654 0.2961909 0.2861688 0.3793968 0.2999500 0.0141664 0.7150335 0.0000010 0.3815526 0.3761693 0.3825941 0.3761693 0.3802174 0.3757231 0.0155410 0.0000000 0.2999500 0.2874543 0.0158616 0.3761693 0.3311790 
Fusarium_irregulare|NRRL_32175|FIESC_15_a                 0.2908891 0.4042641 0.0000010 0.2967158 0.4120865 0.0612081 0.0926409 0.0014394 0.7443158 0.4051896 0.3155126 0.3415343 0.3276091 0.7922447 0.2908891 0.2908891 0.0926409 0.2967158 0.2610986 0.2908891 0.0926409 0.4201770 0.0000010 0.0926409 0.4156571 0.0000010 0.3125921 0.8427596 0.2954513 0.4215638 0.4145452 0.4214642 0.4145452 0.4119100 0.4191423 0.2953947 0.2999500 0.0000000 0.0611378 0.3185857 0.4122270 0.1294271 
Fusarium_incarnatum|NRRL_32866|FIESC_23_a                 0.2783826 0.3888934 0.0644219 0.2841588 0.3980107 0.0043096 0.0867938 0.0629508 0.7106478 0.3885559 0.3025630 0.3372682 0.3147704 0.7613354 0.2783826 0.2783826 0.0867938 0.2841588 0.2638598 0.2783826 0.0867938 0.4025808 0.0644219 0.0867938 0.4079534 0.0611378 0.2996637 0.8069062 0.2830446 0.4069320 0.4068329 0.4068356 0.4068329 0.4042733 0.4048939 0.2827986 0.2874543 0.0611378 0.0000000 0.3055176 0.4045850 0.1392081 
Fusarium_oxysporum|NRRL_53154|FOSC                        0.0000010 0.3822813 0.3034921 0.0000010 0.3848251 0.3062324 0.3097391 0.3227580 0.6240500 0.3898317 0.0045455 0.3108027 0.2693689 0.7474525 0.0000010 0.0000010 0.3097391 0.0000010 0.2047314 0.0000010 0.3097391 0.3898317 0.3034921 0.3097391 0.3911866 0.3185857 0.0030253 0.7248910 0.0158777 0.3934967 0.3878043 0.3946138 0.3878043 0.3920721 0.3873292 0.0000010 0.0158616 0.3185857 0.3055176 0.0000000 0.3878043 0.3445287 
Fusarium_falciforme|NRRL_32544|FSSC_3_4jj                 0.3715528 0.0029646 0.4084928 0.3729678 0.0089314 0.4036263 0.4215049 0.4173077 0.4765846 0.0120298 0.3804485 0.3437638 0.3416383 0.6509530 0.3715528 0.3715528 0.4215049 0.3729678 0.2747136 0.3715528 0.4215049 0.0120298 0.4084928 0.4215049 0.0029305 0.4122270 0.3771218 0.6627973 0.3759592 0.0043999 0.0014675 0.0044204 0.0000010 0.0029386 0.0073964 0.3717649 0.3761693 0.4122270 0.4045850 0.3878043 0.0000000 0.4189377 
Fusarium_incarnatum-equiseti_CF095                        0.3296906 0.4201993 0.1295987 0.3279838 0.4286109 0.1348027 0.1016210 0.1318679 0.7339583 0.4331126 0.3349723 0.3487356 0.3334199 0.8151817 0.3296906 0.3296906 0.1016210 0.3279838 0.3003219 0.3296906 0.1016210 0.4331126 0.1295987 0.1016210 0.4224006 0.1294271 0.3380347 0.8073133 0.3311790 0.4283910 0.4189377 0.4321242 0.4189377 0.4224006 0.4320438 0.3296906 0.3311790 0.1294271 0.1392081 0.3445287 0.4189377 0.0000000 
